world: survival112_nether
x: -0.4938205661233882
y: 92.0
z: 120.51203417178215
yaw: -117.18587
pitch: 2.3217673
name: apokolips
