world: dreamworld
x: -18.5
y: 78.0
z: -4.5
yaw: 7.1643066
pitch: 6.36617
name: blackroom
