world: starlabs
x: 413.5
y: 31.0
z: -429.5
yaw: -270.22162
pitch: -3.0185957
name: breachroom
