world: buildworld
x: -3.6359465001257223
y: 73.0
z: 34.61865558525292
yaw: -2.0319045
pitch: 9.26373
name: buildworld
