world: infinitycity
x: -531.5
y: 29.0
z: 239.5
yaw: -169.47545
pitch: 2.914332
name: centralcity
