world: starlabs
x: 427.5
y: 32.0
z: -505.5
yaw: -89.93509
pitch: 0.17958474
name: cortex
