world: dreamworld
x: 0.5017581528147932
y: 79.0
z: 0.6017788333346826
yaw: -178.10748
pitch: 1.8390102
name: dreamworld
