world: buildworld
x: 107.4575044866165
y: 99.0
z: -121.54130463683333
yaw: -38.180847
pitch: 80.9089
name: fightclub
