world: gotham
x: 243.5
y: 32.5
z: 212.5
yaw: -138.74226
pitch: -66.69956
name: gotham
