world: infiniteparkour
x: 0.46019214742271186
y: 99.0
z: 2.5017523472968883
yaw: 0.8450368
pitch: 6.0343285
name: infiniteparkour
