world: infiniteparkour
x: 0.37615769188566495
y: 94.0
z: 0.7486638489491444
yaw: -2.8361187
pitch: 70.389984
name: infiniteparkour
