world: jail
x: 7.407847432125377
y: 65.0
z: 0.8693067554504923
yaw: 85.1133
pitch: 3.741273
name: jail1
