world: jail
x: -1.5
y: 65.0
z: 3.5
yaw: -170.65025
pitch: 3.0171642
name: jail
