world: jail
x: 7.099938478404648
y: 65.0
z: -3.9312383635225507
yaw: 88.945114
pitch: 1.5991006
name: jail2
