world: dreamworld
x: -18.514361165606612
y: 90.0
z: 15.53621726667075
yaw: -359.0515
pitch: 7.0888467
name: lavaroom
