world: survival112
x: 649.5
y: 64.0
z: 994.5
yaw: -82.98734
pitch: 3.6493077
name: lol
