world: survival112_nether
x: -0.5
y: 92.0
z: 120.5
yaw: -117.18587
pitch: 2.3217673
name: netherrealm
