world: starlabs
x: 489.5
y: 30.0
z: -430.5
yaw: -270.16742
pitch: 0.23992234
name: pipeline
