world: jail
x: -1.6435899385879058
y: 65.0
z: 3.6817986749769167
yaw: -170.65025
pitch: 3.0171642
name: police
