world: dreamworld
x: -18.575796311602865
y: 79.0
z: 15.599862066228393
yaw: 185.64502
pitch: 6.6966085
name: skeletonroom
