world: soulstone
x: 0.0
y: 1.0
z: 0.0
yaw: 89.82037
pitch: -20.003641
name: soulstone
