world: survival112
x: 207.5948661652158
y: 67.0
z: 254.86179846803694
yaw: -179.35564
pitch: 2.3301115
name: spawn
