world: starlabs
x: 468.5
y: 28.0
z: -352.5
yaw: -90.39026
pitch: 0.5718067
name: speedlab
