world: broville
x: -174.5
y: 68.0
z: 1972.5
yaw: -34.994263
pitch: 4.601586
name: starlingcity
