world: survival112
x: 207.5
y: 67.0
z: 253.5
yaw: -12.811985
pitch: 0.81955624
name: survival
