world: survival112
x: 649.4248089166971
y: 66.0
z: 994.5088710906042
yaw: -90.31897
pitch: 16.472181
name: survival
