world: survival112
x: 705.5611433740687
y: 123.0
z: 283.5711038863838
yaw: -179.94653
pitch: 0.87352836
name: survival
