world: survival112
x: 805.4596719599407
y: 139.0
z: 133.4245150297131
yaw: -273.3667
pitch: 5.3388987
name: survival
