world: survival112
x: 705.4251897197234
y: 131.0
z: 280.2750645491244
yaw: -359.8446
pitch: 8.506927
name: survival
