world: survival112
x: 319.250468275103
y: 1.0
z: 406.4728408338743
yaw: -112.95038
pitch: 18.375868
name: temp
