world: buildworld
x: 55.279241500466505
y: 94.0
z: 68.96388239908049
yaw: -9.737695
pitch: 20.032438
name: temp
