world: atlantis
x: 4409.435057384449
y: 62.0
z: 502.0242133833693
yaw: 274.48218
pitch: 22.20489
name: temp
