world: thephantomzone
x: 0.5
y: 1.0
z: 0.5
yaw: -270.15033
pitch: -20.122894
name: thephantomzone
