world: speedforce
x: -2.4181174074415
y: 90.0
z: -385.57900824694303
yaw: -180.46402
pitch: -0.30315518
name: thespeedforce
