world: dreamworld
x: -34.001228135198666
y: 80.0
z: 6.529095012542145
yaw: -6.758456
pitch: 18.163206
name: treeroom
