world: mainmenu
x: 0.5
y: 100.0
z: 0.5
yaw: -179.89792
pitch: 5.6707516
name: vrexit
