world: buildworld
x: 317.7428085502797
y: 95.0
z: -21.51847645476475
yaw: -87.14584
pitch: 14.782548
name: workshop
