spawns: 
  default: 
    world: survival112
    x: 649.5
    y: 66.0
    z: 994.5
    yaw: -90.31897
    pitch: 16.472181
  newbies: 
    world: mainmenu
    x: 0.5
    y: 100.0
    z: 0.5
    yaw: -179.89792
    pitch: 5.6707516
