spawns: 
  default: 
    world: survival112
    x: 207.5
    y: 67.0
    z: 254.5
    yaw: -179.35564
    pitch: 2.3301115
  newbies: 
    world: mainmenu
    x: 0.5
    y: 100.0
    z: 0.5
    yaw: -179.89792
    pitch: 5.6707516
